0.26680341411849406
0.5193898888383569
0.08246024163612216
0.10978438821085129
0.1693363961365788
0.18624639339182034
0.22317699710189212
0.2235088619140742
0.21124576826151142
0.21393884704875804
0.21829965060927323
0.15940241224202806
0.17240894672612667
0.7194150089884178
0.6874435908488103
0.7337738708376804
0.6863404585276914
0.6615594583088179
0.9275663604249826
0.11900490648547168
0.03563447913708797
1.3292499180231807
0.8114602475945972
0.6255635803581578
1.375326673043539
1.071361217015294