0.07576934344482214
0.03635788488440194
0.0142811743881161
0.016898904649054365
0.036829662098429236
0.03791092650719098
0.049595288492378736
0.04617104674575529
0.04937867738887029
0.033720491281988084
0.049064429214636156
0.04392831149993471
0.028030384419061128
0.6550980189072313
0.605691504802784
0.6660848407720739
0.602017257545585
0.5757231499551534
0.8175260946640341
0.10284579124287795
0.02791143556311241
0.910134808083319
0.3561841213800908
0.2681683397900751
1.038618999343931
0.8024806636513675