0.11311344100599285
0.0053313350908457124
1.0461043054000273e-7
1.4605421055956594e-7
0.000016365843218846265
0.012018902988384594
0.009293141485131828
0.013791177328079662
0.014873790253717267
0.06681986487635028
0.003781324651320417
0.0013048952831731242
4.867253267093474e-10
80.95865160884901
153.31523482442475
87.00196868687593
168.12093430089936
203.38945212528336
130.39659006789748
0.00040744147951900234
0.000017702117822317523
319.3545300542408
873.4518461096998
1123.3377833540783
295.4476490194572
453.4764116869365